### BASELINE ###
1.149031
1.153319
1.149150
1.150938
1.149903
1.150365
1.150798
1.150428
1.151405
1.149676

### PADDING ###
1.039968
1.037258
1.037319
1.040348
1.038486
1.038274
1.038428
1.037017
1.037006
1.038190

### PADDING OPT 2 ###
1.105762
1.106375
1.103664
1.103509
1.103987
1.103360
1.104275
1.103671
1.104717
1.104297

### PADDING OPT3 ###
0.645714
0.641636
0.641621
0.641462
0.657017
0.641251
0.641708
0.641251
0.640323
0.641928

### PADDING OPT 5 ###
1.054346
0.898653
1.035602
0.952451
0.880719
0.869891
0.951702
0.871455
0.930537
0.872290

### PADDING OPT 8 ###
1.046890
0.970700
0.873597
0.866075
0.867046
0.866500
0.865522
0.865686
0.870862
0.865653
4.455674
4.235857
4.431441
4.307273
4.502803
4.455631
4.418775
4.345752
4.387131
4.459349
4.367434
4.291254
4.247019
4.302188
4.298749
4.355104
4.268311
4.272511
4.290310
4.316618

1.209693
1.241676
1.178832
1.209401
1.225338
1.187003
1.149473
1.206419
1.221960
1.209789
1.164760
1.232190
1.275740
1.252412
1.238737
1.218977
1.235654
1.222875
1.221229
1.289773
1.126829
1.244533
1.270178
1.175941
1.134696
1.167340
1.105868
1.156685
1.192705
1.190020
1.173682
1.246584
1.265608
1.135759
1.154843
1.100590
1.113875
1.077667
1.134488
1.207143
1.057120
1.035251
0.959720
0.868279
0.870316
0.866213
0.869654
0.871386
0.869190
0.875810
1.237667
1.302629
1.095207
0.913457
0.880501
0.874423
0.912691
0.907213
0.869828
0.870185
0.476371
0.510369
0.384785
0.384986
0.372239
0.404285
0.387713
0.397590
0.414350
0.430978
0.462637
0.453604
0.395451
0.389976
0.461007
0.488049
0.391849
0.376039
0.369411
0.368044
0.468628
0.476112
0.391333
0.386928
0.393897
0.365949
0.364833
0.367471
0.370692
0.397851
0.896229
0.877330
0.908414
0.896166
0.899120
0.904926
0.895907
0.903857
0.875296
0.879309
0.478505
0.441946
0.421656
0.379785
0.392191
0.396808
0.396819
0.369117
0.366592
0.366776
0.465389
0.467531
0.415445
0.387207
0.390914
0.378342
0.365190
0.380000
0.369739
0.395514
0.470050
0.428584
0.383328
0.469384
0.497816
0.477308
0.404397
0.369448
0.367624
0.367649
0.468169
0.442803
0.384908
0.365853
0.370123
0.366065
0.387375
0.376046
0.375272
0.376644
0.472874
0.443162
0.418964
0.406580
0.374757
0.366975
0.367574
0.365852
0.366526
0.365936
0.442953
0.442599
0.401700
0.373313
0.368911
0.380851
0.365125
0.366114
0.374980
0.368715
0.466171
0.482462
0.407524
0.484207
0.419405
0.367060
0.369560
0.366064
0.366434
0.382735
0.479864
0.445698
0.387894
0.369463
0.375887
0.375624
0.372685
0.367367
0.368162
0.377827
0.433391
0.431494
0.397879
0.377581
0.370666
0.378837
0.379135
0.373880
0.379056
0.382268
0.464264
0.484537
0.468113
0.486673
0.394378
0.369517
0.367877
0.368550
0.374475
0.372497
1.225685
1.277727
0.976811
0.948213
0.966266
1.052788
1.100071
1.153696
1.083684
1.177983
1.099673
1.072202
1.038402
1.021981
1.050292
1.081561
1.070390
1.082012
1.082931
1.100335
1.109769
1.017178
0.945636
0.986468
0.990501
0.997897
1.044672
1.032222
1.058802
1.070552
